# Launch time 2021122718
# Julian_date, longitude[deg], latitude[deg], elevation[deg]
  2459576.250000       15.633333       78.216667       40.000000
  2459576.291667       16.674669       78.399292       40.000000
  2459576.333333       17.720411       78.661499       40.000000
  2459576.375000       18.964403       78.988091       40.000000
  2459576.416667       20.490576       79.293335       40.000000
  2459576.458333       22.260189       79.535995       40.000000
  2459576.500000       24.097361       79.736694       40.000000
  2459576.541667       25.292877       79.966423       40.000000
  2459576.583333       26.045685       80.233871       40.000000
  2459576.625000       26.507957       80.511902       40.000000
  2459576.666667       26.965021       80.844048       40.000000
  2459576.708333       27.405674       81.221626       40.000000
  2459576.750000       27.837942       81.655495       40.000000
  2459576.791667       28.173376       82.034676       40.000000
  2459576.833333       28.469908       82.375450       40.000000
  2459576.875000       28.844286       82.648514       40.000000
  2459576.916667       28.852282       82.913872       40.000000
  2459576.958333       28.439989       83.199745       40.000000
  2459577.000000       27.544962       83.505043       40.000000
  2459577.041667       26.568674       83.832405       40.000000
  2459577.083333       25.419050       84.194847       40.000000
  2459577.125000       23.759542       84.628189       40.000000
  2459577.166667       22.238958       85.026382       40.000000
  2459577.208333       20.940809       85.378578       40.000000
  2459577.250000       19.084438       85.735779       40.000000
  2459577.291667       16.557966       86.081940       40.000000
  2459577.333333       13.595411       86.393181       40.000000
  2459577.375000        8.723723       86.671669       40.000000
  2459577.416667        2.841596       86.935898       40.000000
  2459577.458333      354.809296       87.173927       40.000000
  2459577.500000      344.100677       87.341255       40.000000
  2459577.541667      332.756897       87.435303       40.000000
  2459577.583333      320.699799       87.458237       40.000000
  2459577.625000      308.768433       87.395943       40.000000
  2459577.666667      297.704376       87.189613       40.000000
  2459577.708333      288.826904       86.870712       40.000000
  2459577.750000      282.601624       86.444672       40.000000
  2459577.791667      277.161377       85.884018       40.000000
  2459577.833333      272.931091       85.299446       40.000000
  2459577.875000      271.439667       84.717010       40.000000
  2459577.916667      269.915802       84.002151       40.000000
  2459577.958333      267.749939       83.223251       40.000000
  2459578.000000      265.623901       82.468208       40.000000
  2459578.041667      264.884827       81.691284       40.000000
  2459578.083333      264.384979       80.989075       40.000000
  2459578.125000      264.452820       80.327927       40.000000
  2459578.166667      264.647583       79.599785       40.000000
  2459578.208333      264.825867       78.858902       40.000000
  2459578.250000      265.307617       78.048851       40.000000
  2459578.291667      265.721680       77.249870       40.000000
  2459578.333333      265.857147       76.510803       40.000000
  2459578.375000      265.981567       75.805595       40.000000
  2459578.416667      266.398773       75.149216       40.000000
  2459578.458333      266.844116       74.535156       40.000000
  2459578.500000      267.583374       74.018761       40.000000
  2459578.541667      268.510620       73.508537       40.000000
  2459578.583333      269.523743       72.988213       40.000000
  2459578.625000      270.517670       72.542435       40.000000
  2459578.666667      271.478668       72.201729       40.000000
  2459578.708333      272.611145       71.920509       40.000000
  2459578.750000      274.003357       71.747612       40.000000
  2459578.791667      275.326813       71.650162       40.000000
  2459578.833333      276.645966       71.596680       40.000000
  2459578.875000      278.155121       71.604538       40.000000
  2459578.916667      279.837067       71.635391       40.000000
  2459578.958333      281.567627       71.727226       40.000000
  2459579.000000      283.173889       71.953842       40.000000
  2459579.041667      284.767090       72.213577       40.000000
  2459579.083333      286.430969       72.514023       40.000000
  2459579.125000      288.501526       72.905106       40.000000
  2459579.166667      290.519287       73.375244       40.000000
  2459579.208333      292.419434       73.922264       40.000000
  2459579.250000      294.258209       74.527725       40.000000
  2459579.291667      296.177460       75.132507       40.000000
  2459579.333333      298.213104       75.712730       40.000000
  2459579.375000      300.375763       76.286842       40.000000
  2459579.416667      302.636871       76.951340       40.000000
  2459579.458333      304.944824       77.673660       40.000000
  2459579.500000      307.356171       78.404968       40.000000
  2459579.541667      309.873566       79.082588       40.000000
  2459579.583333      312.418976       79.723885       40.000000
  2459579.625000      314.975342       80.264824       40.000000
  2459579.666667      317.921783       80.894630       40.000000
  2459579.708333      321.111938       81.539497       40.000000
  2459579.750000      324.654205       82.174477       40.000000
  2459579.791667      328.552063       82.738243       40.000000
  2459579.833333      332.502258       83.198250       40.000000
  2459579.875000      336.707855       83.561005       40.000000
  2459579.916667      340.887085       83.899391       40.000000
  2459579.958333      344.391541       84.197136       40.000000
  2459580.000000      347.197876       84.450981       40.000000
  2459580.041667      349.983521       84.742554       40.000000
  2459580.083333      352.860474       85.081619       40.000000
  2459580.125000      355.968750       85.464928       40.000000
  2459580.166667      358.386749       85.775864       40.000000
  2459580.208333        0.428356       85.984047       40.000000
  2459580.250000        1.007827       86.081871       40.000000
  2459580.291667        0.935923       86.222801       40.000000
  2459580.333333      359.090729       86.410088       40.000000
  2459580.375000      354.356873       86.663261       40.000000
  2459580.416667      348.499176       86.912460       40.000000
  2459580.458333      341.102234       87.159859       40.000000
  2459580.500000      331.705902       87.381577       40.000000
  2459580.541667      318.659637       87.441696       40.000000
  2459580.583333      304.896698       87.289207       40.000000
  2459580.625000      293.070068       86.892647       40.000000
  2459580.666667      283.561279       86.261383       40.000000
  2459580.708333      276.858490       85.444252       40.000000
  2459580.750000      272.288635       84.372879       40.000000
  2459580.791667      269.077820       83.216934       40.000000
  2459580.833333      266.591675       81.933014       40.000000
  2459580.875000      264.826904       80.568863       40.000000
  2459580.916667      263.886963       79.190475       40.000000
  2459580.958333      263.277557       77.762032       40.000000
  2459581.000000      263.327545       76.374702       40.000000
  2459581.041667      263.599670       74.851875       40.000000
  2459581.083333      263.781647       73.299911       40.000000
  2459581.125000      264.118317       71.740517       40.000000
  2459581.166667      264.757690       70.197578       40.000000
  2459581.208333      265.619751       68.651558       40.000000
  2459581.250000      266.428192       67.248970       40.000000
  2459581.291667      267.449493       66.003052       40.000000
  2459581.333333      268.729156       64.819397       40.000000
  2459581.375000      270.107819       63.841255       40.000000
  2459581.416667      271.731445       63.008389       40.000000
  2459581.458333      273.595612       62.265450       40.000000
  2459581.500000      275.640320       61.677551       40.000000
  2459581.541667      277.904785       61.195789       40.000000
  2459581.583333      280.183563       60.857063       40.000000
  2459581.625000      282.541962       60.704781       40.000000
  2459581.666667      285.073059       60.710915       40.000000
  2459581.708333      287.658539       60.934067       40.000000
  2459581.750000      290.445099       61.458889       40.000000
  2459581.791667      293.537018       62.013569       40.000000
  2459581.833333      296.929962       62.567722       40.000000
  2459581.875000      300.532410       63.152817       40.000000
  2459581.916667      304.130066       63.831055       40.000000
  2459581.958333      307.832764       64.715302       40.000000
  2459582.000000      311.450592       65.706802       40.000000
  2459582.041667      315.271973       66.767044       40.000000
  2459582.083333      319.404816       67.903618       40.000000
  2459582.125000      324.200012       69.101326       40.000000
  2459582.166667      329.547729       70.218536       40.000000
  2459582.208333      335.258575       71.212921       40.000000
  2459582.250000      340.912842       72.071457       40.000000
  2459582.291667      346.980316       72.908371       40.000000
  2459582.333333      353.435883       73.655296       40.000000
  2459582.375000        0.152575       74.250366       40.000000
  2459582.416667        7.230073       74.720345       40.000000
  2459582.458333       14.469361       75.139023       40.000000
  2459582.500000       21.696232       75.423927       40.000000
  2459582.541667       29.363585       75.523827       40.000000
  2459582.583333       36.766155       75.449570       40.000000
  2459582.625000       43.623703       75.215263       40.000000
  2459582.666667       50.172546       74.915749       40.000000
  2459582.708333       55.956745       74.629158       40.000000
  2459582.750000       61.505844       74.296890       40.000000
  2459582.791667       66.906570       74.061676       40.000000
  2459582.833333       72.074585       73.921341       40.000000
  2459582.875000       77.029388       73.863953       40.000000
  2459582.916667       81.836456       73.862633       40.000000
  2459582.958333       86.369072       73.957535       40.000000
  2459583.000000       90.402496       74.104172       40.000000
  2459583.041667       94.423813       74.458092       40.000000
  2459583.083333       98.231491       74.974800       40.000000
  2459583.125000      101.928749       75.639107       40.000000
  2459583.166667      105.919014       76.543076       40.000000
  2459583.208333      109.861290       77.691048       40.000000
  2459583.250000      113.871216       78.950630       40.000000
  2459583.291667      119.046532       80.417519       40.000000
  2459583.333333      125.575508       81.943039       40.000000
  2459583.375000      134.330795       83.453392       40.000000
  2459583.416667      146.982407       84.930206       40.000000
  2459583.458333      166.668716       86.089149       40.000000
  2459583.500000      196.312088       86.590538       40.000000
  2459583.541667      228.853546       86.068916       40.000000
  2459583.583333      249.483734       84.651260       40.000000
  2459583.625000      258.778534       82.803139       40.000000
  2459583.666667      263.288086       80.861198       40.000000
  2459583.708333      265.197998       78.898148       40.000000
  2459583.750000      266.260132       76.918335       40.000000
  2459583.791667      267.166504       74.986877       40.000000
  2459583.833333      267.848511       73.192757       40.000000
  2459583.875000      268.629425       71.550087       40.000000
  2459583.916667      269.785614       69.938866       40.000000
  2459583.958333      271.009338       68.277702       40.000000
  2459584.000000      272.650177       66.654495       40.000000
  2459584.041667      274.065247       65.191414       40.000000
  2459584.083333      275.398682       63.878685       40.000000
  2459584.125000      276.916351       62.713055       40.000000
  2459584.166667      278.668457       61.699711       40.000000
  2459584.208333      280.633972       60.836483       40.000000
  2459584.250000      283.015778       60.202595       40.000000
  2459584.291667      285.451447       59.742016       40.000000
  2459584.333333      287.999176       59.360332       40.000000
  2459584.375000      290.632629       59.129166       40.000000
  2459584.416667      293.278320       59.098804       40.000000
  2459584.458333      296.062897       59.275761       40.000000
  2459584.500000      298.843567       59.721889       40.000000
  2459584.541667      301.941223       60.218742       40.000000
  2459584.583333      305.217957       60.733761       40.000000
  2459584.625000      308.454407       61.309269       40.000000
  2459584.666667      311.825836       62.061031       40.000000
  2459584.708333      315.486816       62.817577       40.000000
  2459584.750000      319.146606       63.615810       40.000000
  2459584.791667      323.087341       64.337181       40.000000
  2459584.833333      327.256958       65.027275       40.000000
  2459584.875000      331.443726       65.679573       40.000000
  2459584.916667      335.686584       66.378838       40.000000
  2459584.958333      340.169220       67.032822       40.000000
  2459585.000000      344.783997       67.572067       40.000000
  2459585.041667      349.804565       68.116058       40.000000
  2459585.083333      354.889923       68.494408       40.000000
  2459585.125000      359.691193       68.826492       40.000000
  2459585.166667        4.556080       69.102364       40.000000
  2459585.208333        9.404490       69.368690       40.000000
  2459585.250000       13.824022       69.685158       40.000000
  2459585.291667       18.188429       70.039024       40.000000
  2459585.333333       22.450233       70.412918       40.000000
  2459585.375000       26.121376       70.864357       40.000000
  2459585.416667       30.156702       71.417191       40.000000
  2459585.458333       33.737434       72.083359       40.000000
  2459585.500000       37.048737       72.741318       40.000000
  2459585.541667       39.840775       73.530907       40.000000
  2459585.583333       42.277740       74.385391       40.000000
  2459585.625000       44.025311       75.337334       40.000000
  2459585.666667       45.608753       76.370987       40.000000
  2459585.708333       46.346573       77.498024       40.000000
  2459585.750000       45.732777       78.662552       40.000000
  2459585.791667       43.641941       79.888451       40.000000
  2459585.833333       39.833042       81.139359       40.000000
  2459585.875000       33.416359       82.374039       40.000000
  2459585.916667       24.367931       83.487221       40.000000
  2459585.958333       10.654240       84.322365       40.000000
  2459586.000000      352.670074       84.759544       40.000000
  2459586.041667      331.453308       84.566727       40.000000
  2459586.083333      312.163666       83.609886       40.000000
  2459586.125000      298.489838       82.015450       40.000000
  2459586.166667      290.277649       80.029228       40.000000
  2459586.208333      285.210541       77.838699       40.000000
  2459586.250000      281.832977       75.549133       40.000000
  2459586.291667      279.637543       73.276917       40.000000
  2459586.333333      277.922058       70.958572       40.000000
  2459586.375000      276.495209       68.740601       40.000000
  2459586.416667      275.430084       66.651222       40.000000
  2459586.458333      274.791046       64.604424       40.000000
  2459586.500000      274.339569       62.573624       40.000000
  2459586.541667      274.084930       60.561493       40.000000
  2459586.583333      274.070679       58.739502       40.000000
  2459586.625000      274.166901       56.956802       40.000000
  2459586.666667      274.563538       55.416332       40.000000
  2459586.708333      275.130341       54.046196       40.000000
  2459586.750000      275.908356       52.819260       40.000000
  2459586.791667      276.940826       51.810135       40.000000
  2459586.833333      278.143646       51.085567       40.000000
  2459586.875000      279.555878       50.474628       40.000000
  2459586.916667      281.237000       49.993053       40.000000
  2459586.958333      283.055176       49.699444       40.000000
  2459587.000000      284.972046       49.654034       40.000000
  2459587.041667      287.037079       49.544582       40.000000
  2459587.083333      289.320221       49.646194       40.000000
  2459587.125000      291.722290       49.898643       40.000000
  2459587.166667      294.373810       50.401226       40.000000
  2459587.208333      297.236969       50.904881       40.000000
  2459587.250000      300.288391       51.644020       40.000000
  2459587.291667      303.445007       52.552986       40.000000
  2459587.333333      306.919373       53.488525       40.000000
  2459587.375000      310.602295       54.426220       40.000000
  2459587.416667      314.595184       55.482193       40.000000
  2459587.458333      318.855743       56.532726       40.000000
  2459587.500000      323.005676       57.512703       40.000000
  2459587.541667      327.634521       58.634930       40.000000
  2459587.583333      332.567352       59.726849       40.000000
  2459587.625000      338.030029       60.607769       40.000000
  2459587.666667      343.495941       61.659698       40.000000
  2459587.708333      349.403351       62.549465       40.000000
  2459587.750000      355.790375       63.162029       40.000000
  2459587.791667        2.099822       63.582317       40.000000
  2459587.833333        8.256680       63.963886       40.000000
  2459587.875000       14.475580       64.168915       40.000000
  2459587.916667       20.921362       64.251663       40.000000
  2459587.958333       27.451927       64.347244       40.000000
  2459588.000000       34.266350       64.123573       40.000000
  2459588.041667       40.248886       63.910671       40.000000
  2459588.083333       46.146580       63.754120       40.000000
  2459588.125000       52.160690       63.561943       40.000000
  2459588.166667       57.766605       63.464916       40.000000
  2459588.208333       63.126503       63.661911       40.000000
  2459588.250000       68.528275       64.036804       40.000000
  2459588.291667       73.819504       64.465332       40.000000
  2459588.333333       78.421127       65.149353       40.000000
  2459588.375000       82.803535       66.108406       40.000000
  2459588.416667       87.165741       67.332718       40.000000
  2459588.458333       90.940132       68.882523       40.000000
  2459588.500000       94.314499       70.865257       40.000000
  2459588.541667       97.605324       73.121521       40.000000
  2459588.583333      100.854240       75.491783       40.000000
  2459588.625000      103.782234       78.031395       40.000000
  2459588.666667      106.206406       80.729500       40.000000
  2459588.708333      108.523300       83.691376       40.000000
  2459588.750000      112.223045       86.755318       40.000000
  2459588.791667      123.074699       89.829887       40.000000
  2459588.833333      304.309113       87.367622       40.000000
  2459588.875000      281.467255       84.770790       40.000000
  2459588.916667      281.534698       81.765686       40.000000
  2459588.958333      281.761200       78.760902       40.000000
  2459589.000000      282.151062       75.775970       40.000000
  2459589.041667      282.308960       72.976593       40.000000
  2459589.083333      283.012238       70.225487       40.000000
  2459589.125000      283.588165       67.716637       40.000000
  2459589.166667      284.652832       65.354538       40.000000
  2459589.208333      285.971893       63.166058       40.000000
  2459589.250000      287.497894       61.103985       40.000000
  2459589.291667      289.283722       59.328392       40.000000
  2459589.333333      291.362122       57.768200       40.000000
  2459589.375000      293.619324       56.506153       40.000000
  2459589.416667      296.251587       55.417995       40.000000
  2459589.458333      299.096710       54.559341       40.000000
  2459589.500000      301.921600       54.025696       40.000000
  2459589.541667      305.338928       53.781609       40.000000
  2459589.583333      308.493073       53.881344       40.000000
  2459589.625000      312.162964       53.899754       40.000000
  2459589.666667      315.676056       54.314888       40.000000
  2459589.708333      319.418823       54.793850       40.000000
  2459589.750000      323.164948       55.395245       40.000000
  2459589.791667      327.118103       56.234104       40.000000
  2459589.833333      331.002563       57.253998       40.000000
  2459589.875000      335.384827       58.313843       40.000000
  2459589.916667      340.023163       59.270931       40.000000
  2459589.958333      344.554169       60.452461       40.000000
  2459590.000000      350.043976       61.531235       40.000000
  2459590.041667      355.778839       62.356781       40.000000
  2459590.083333        1.371204       63.022430       40.000000
  2459590.125000        7.004131       63.615818       40.000000
  2459590.166667       13.227419       64.204773       40.000000
  2459590.208333       19.872004       64.755379       40.000000
  2459590.250000       26.694067       65.130348       40.000000
  2459590.291667       33.677708       65.401047       40.000000
  2459590.333333       40.741154       65.619553       40.000000
  2459590.375000       47.681881       65.855873       40.000000
  2459590.416667       54.597515       66.185432       40.000000
  2459590.458333       61.219437       66.553970       40.000000
  2459590.500000       67.772179       67.110703       40.000000
  2459590.541667       74.040596       67.879852       40.000000
  2459590.583333       80.030540       68.803360       40.000000
  2459590.625000       85.744247       69.915146       40.000000
  2459590.666667       90.911316       71.300941       40.000000
  2459590.708333       96.061447       72.947449       40.000000
  2459590.750000      101.089424       74.850327       40.000000
  2459590.791667      106.419266       76.980278       40.000000
  2459590.833333      112.283218       79.386131       40.000000
  2459590.875000      119.991699       81.999527       40.000000
  2459590.916667      130.991516       84.633247       40.000000
  2459590.958333      151.256973       87.129944       40.000000
  2459591.000000      201.095169       88.783653       40.000000
  2459591.041667      320.573578       88.139122       40.000000
  2459591.083333      279.580536       86.654915       40.000000
  2459591.125000      280.605438       84.370911       40.000000
  2459591.166667      281.839844       82.123291       40.000000
  2459591.208333      282.519592       79.899040       40.000000
